x=[...
    0.24168777465820312+j*-0.2939720153808594, ...
    0.44818115234375+j*-0.17496109008789062, ...
    0.5244178771972656+j*0.11791229248046875, ...
    0.385589599609375+j*0.3353691101074219, ...
    0.18492889404296875+j*0.43087005615234375, ...
    0.079925537109375+j*0.39203643798828125, ...
    0.01839447021484375+j*0.4371070861816406, ...
    -0.12778854370117188+j*0.476806640625, ...
    -0.36246490478515625+j*0.4242210388183594, ...
    -0.4446067810058594+j*0.22350692749023438, ...
    -0.4593772888183594+j*0.07413864135742188, ...
    -0.4391670227050781+j*-0.01043701171875, ...
    -0.49782562255859375+j*-0.16490936279296875, ...
    -0.38143157958984375+j*-0.3708686828613281, ...
    -0.18606948852539062+j*-0.5188865661621094, ...
    0.028911590576171875+j*-0.4556999206542969, ...
    0.14692306518554688+j*-0.438751220703125, ...
    0.2635345458984375+j*-0.3852729797363281, ...
    0.4706459045410156+j*-0.2974090576171875, ...
    0.5312957763671875+j*-0.023464202880859375, ...
    0.4837493896484375+j*0.23575592041015625, ...
    0.281646728515625+j*0.3342704772949219, ...
    0.16656875610351562+j*0.43321990966796875, ...
    0.02790069580078125+j*0.4492607116699219, ...
    -0.23488616943359375+j*0.49346160888671875, ...
    -0.43581390380859375+j*0.3040771484375, ...
    -0.5587310791015625+j*0.01561737060546875, ...
    -0.42171478271484375+j*-0.19220733642578125, ...
    -0.2702789306640625+j*-0.3631172180175781, ...
    -0.16726303100585938+j*-0.41510772705078125, ...
    0.07672119140625+j*-0.48351287841796875, ...
    0.3361930847167969+j*-0.44881439208984375, ...
    0.5403709411621094+j*-0.146087646484375, ...
    0.5201187133789062+j*0.16094207763671875, ...
    0.2851142883300781+j*0.3843879699707031, ...
    0.0885009765625+j*0.4416656494140625, ...
    -0.1114654541015625+j*0.3988456726074219, ...
    -0.3095855712890625+j*0.3583831787109375, ...
    -0.4724311828613281+j*0.14623260498046875, ...
    -0.5385780334472656+j*-0.20233917236328125, ...
    -0.2961845397949219+j*-0.47380828857421875, ...
    0.09072113037109375+j*-0.5595016479492188, ...
    0.3550529479980469+j*-0.3568572998046875, ...
    0.45626068115234375+j*-0.058811187744140625, ...
    0.39951324462890625+j*0.12668991088867188, ...
    0.2621650695800781+j*0.3136444091796875, ...
    0.09256744384765625+j*0.46317291259765625, ...
    -0.21922683715820312+j*0.4425163269042969, ...
    -0.5405845642089844+j*0.22978591918945312, ...
    -0.539642333984375+j*-0.19031524658203125, ...
    -0.2652091979980469+j*-0.5522842407226562, ...
    0.16680908203125+j*-0.5412254333496094, ...
    0.4862251281738281+j*-0.23564910888671875, ...
    0.45841217041015625+j*0.09784317016601562, ...
    0.23255157470703125+j*0.3270225524902344, ...
    0.0309295654296875+j*0.3697166442871094, ...
    -0.1557159423828125+j*0.2968711853027344, ...
    -0.3233299255371094+j*0.1997528076171875, ...
    -0.4436836242675781+j*-0.033611297607421875, ...
    -0.3579216003417969+j*-0.3773040771484375, ...
    0.0017852783203125+j*-0.593414306640625, ...
    0.5024566650390625+j*-0.4518241882324219, ...
    0.7260589599609375+j*0.06008148193359375, ...
    0.4398612976074219+j*0.6304931640625, ...
    -0.17186355590820312+j*0.7811279296875, ...
    -0.7213325500488281+j*0.3435630798339844, ...
    -0.7330436706542969+j*-0.3234672546386719, ...
    -0.18519210815429688+j*-0.7352790832519531, ...
    0.4456367492675781+j*-0.6060256958007812, ...
    0.7001571655273438+j*-0.02371978759765625, ...
    0.4250946044921875+j*0.5203971862792969, ...
    -0.12551498413085938+j*0.6035957336425781, ...
    -0.5157356262207031+j*0.23968887329101562, ...
    -0.4822502136230469+j*-0.23886489868164062, ...
    -0.09798812866210938+j*-0.47735595703125, ...
    0.29152679443359375+j*-0.3410797119140625, ...
    0.399749755859375+j*0.01421356201171875, ...
    0.22246551513671875+j*0.2914009094238281, ...
    -0.07118988037109375+j*0.31418609619140625, ...
    -0.26740264892578125+j*0.1313934326171875, ...
    -0.2361297607421875+j*-0.09840774536132812, ...
    -0.0546417236328125+j*-0.22538375854492188, ...
    0.11488723754882812+j*-0.17995834350585938, ...
    0.187774658203125+j*-0.02387237548828125, ...
    0.136199951171875+j*0.11384963989257812, ...
    -0.004695892333984375+j*0.157318115234375, ...
    -0.1190185546875+j*0.10228729248046875, ...
    -0.13177108764648438+j*-0.012920379638671875, ...
    -0.06597137451171875+j*-0.10964584350585938, ...
    0.035068511962890625+j*-0.11528778076171875, ...
    0.11333847045898438+j*-0.033721923828125, ...
    0.08919143676757812+j*0.061187744140625, ...
    -0.02281951904296875+j*0.08649826049804688, ...
    -0.086029052734375+j*0.012691497802734375, ...
    -0.01644134521484375+j*-0.08221054077148438, ...
    0.1012115478515625+j*-0.061614990234375, ...
    0.11103439331054688+j*0.08959579467773438, ...
    -0.045581817626953125+j*0.1897430419921875, ...
    -0.2368316650390625+j*0.05994415283203125, ...
    -0.2187347412109375+j*-0.22328567504882812, ...
    0.09107589721679688+j*-0.3542022705078125, ...
    0.4149436950683594+j*-0.11619949340820312, ...
    0.3529701232910156+j*0.3218116760253906, ...
    -0.11450958251953125+j*0.49675750732421875, ...
    -0.5068931579589844+j*0.1525115966796875, ...
    -0.3617134094238281+j*-0.3765220642089844, ...
    0.18331527709960938+j*-0.4754753112792969, ...
    0.49005126953125+j*-0.0076904296875, ...
    0.17391204833984375+j*0.446136474609375, ...
    -0.3736419677734375+j*0.29107666015625, ...
    -0.4256591796875+j*-0.2873382568359375, ...
    0.12893295288085938+j*-0.5210647583007812, ...
    0.5730171203613281+j*-0.06501388549804688, ...
    0.2875251770019531+j*0.5055427551269531, ...
    -0.3714141845703125+j*0.4293632507324219, ...
    -0.5119705200195312+j*-0.19981002807617188, ...
    0.05927276611328125+j*-0.5214080810546875, ...
    0.5373001098632812+j*-0.08480072021484375, ...
    0.2405853271484375+j*0.4944190979003906, ...
    -0.4104576110839844+j*0.3822364807128906, ...
    -0.48580169677734375+j*-0.27034759521484375, ...
    0.1127777099609375+j*-0.5232162475585938, ...
    0.5084190368652344+j*-0.013580322265625, ...
    0.13299560546875+j*0.5005149841308594, ...
    -0.4412689208984375+j*0.25786590576171875, ...
    -0.3590507507324219+j*-0.3699989318847656, ...
    0.24177169799804688+j*-0.4390754699707031, ...
    0.447052001953125+j*0.140594482421875, ...
    -0.044952392578125+j*0.47489166259765625, ...
    -0.4677848815917969+j*0.057361602783203125, ...
    -0.16676712036132812+j*-0.4539451599121094, ...
    0.38373565673828125+j*-0.26070404052734375, ...
    0.3142127990722656+j*0.3272132873535156, ...
    -0.2689208984375+j*0.3739585876464844, ...
    -0.43341827392578125+j*-0.1940460205078125, ...
    0.09020233154296875+j*-0.451446533203125, ...
    0.44580841064453125+j*0.03549957275390625, ...
    0.035511016845703125+j*0.47037506103515625, ...
    -0.4590873718261719+j*0.1212921142578125, ...
    -0.1858367919921875+j*-0.4233818054199219, ...
    0.403167724609375+j*-0.21292877197265625, ...
    0.2789573669433594+j*0.4068450927734375, ...
    -0.3529472351074219+j*0.3390846252441406, ...
    -0.35324859619140625+j*-0.3179664611816406, ...
    0.311248779296875+j*-0.38182830810546875, ...
    0.44024658203125+j*0.27808380126953125, ...
    -0.21590042114257812+j*0.4345588684082031, ...
    -0.4362068176269531+j*-0.2391510009765625, ...
    0.20092391967773438+j*-0.4911842346191406, ...
    0.46625518798828125+j*0.16841888427734375, ...
    -0.18522262573242188+j*0.4777641296386719, ...
    -0.5058135986328125+j*-0.169769287109375, ...
    0.13775634765625+j*-0.49869537353515625, ...
    0.474212646484375+j*0.16756439208984375, ...
    -0.1690521240234375+j*0.5255165100097656, ...
    -0.4798851013183594+j*-0.13196563720703125, ...
    0.20592117309570312+j*-0.47437286376953125, ...
    0.5080604553222656+j*0.17026519775390625, ...
